0 0 0.25 0 	0 0.1 0 0 	0 0 0 0 	
0 0 0.249588 0 	0 0.0998333 4.90333e-06 0 	0 0 0 0 	
0 0 0.248766 0 	0 0.0995006 0 0 	0 0 0 0 	
0 0 0.247536 0 	0 0.0990025 0 0 	0 0 0 0 	
0 0 0.245899 0 	0 0.0983403 0 0 	0 0 0 0 	
0 0 0.243861 0 	0 0.0975152 0 0 	0 0 0 0 	
0 0 0.241425 0 	0 0.0965291 0 0 	0 0 0 0 	
0 0 0.238595 0 	0 0.0953836 0 0 	0 0 0 0 	
0 0 0.235377 0 	0 0.0940812 0 0 	0 0 0 0 	
0 0 0.231777 0 	0 0.0926241 0 0 	0 0 0 0 	
0 0 0.227802 0 	0 0.091015 0 0 	0 0 0 0 	
0 0 0.223458 0 	0 0.0892569 0 0 	0 0 0 0 	
0 0 0.218755 0 	0 0.087353 0 0 	0 0 0 0 	
0 0 0.213699 0 	0 0.0853067 0 0 	0 0 0 0 	
0 0 0.208301 0 	0 0.0831216 0 0 	0 0 0 0 	
0 0 0.202569 0 	0 0.0808017 0 0 	0 0 0 0 	
0 0 0.196514 0 	0 0.0783509 0 0 	0 0 0 0 	
0 0 0.190147 0 	0 0.0757736 0 0 	0 0 0 0 	
0 0 0.183478 0 	0 0.0730743 0 0 	0 0 0 0 	
0 0 0.176519 0 	0 0.0702578 0 0 	0 0 0 0 	
0 0 0.169283 0 	0 0.0673288 0 0 	0 0 0 0 	
0 0 0.161782 0 	0 0.0642925 0 0 	0 0 0 0 	
0 0 0.154028 0 	0 0.0611541 0 0 	0 0 0 0 	
0 0 0.146036 0 	0 0.057919 0 0 	0 0 0 0 	
0 0 0.137818 0 	0 0.0545928 0 0 	0 0 0 0 	
0 0 0.129389 0 	0 0.0511811 0 0 	0 0 0 0 	
0 0 0.120764 0 	0 0.0476899 0 0 	0 0 0 0 	
0 0 0.111956 0 	0 0.0441249 0 0 	0 0 0 0 	
0 0 0.102982 0 	0 0.0404924 0 0 	0 0 0 0 	
0 0 0.0938553 0 	0 0.0367984 0 0 	0 0 0 0 	
0 0 0.0845927 0 	0 0.0330492 0 0 	0 0 0 0 	
0 0 0.0752095 0 	0 0.0292512 0 0 	0 0 0 0 	
0 0 0.0657215 0 	0 0.0254108 0 0 	0 0 0 0 	
0 0 0.0561446 0 	0 0.0215345 0 0 	0 0 0 0 	
0 0 0.046495 0 	0 0.0176287 0 0 	0 0 0 0 	
0 0 0.0367889 0 	0 0.0137 0 0 	0 0 0 0 	
0 0 0.0270426 0 	0 0.00975505 0 0 	0 0 0 0 	
0 0 0.0172724 0 	0 0.00580042 0 0 	0 0 0 0 	
0 0 0.00749455 0 	0 0.00184271 0 0 	0 0 0 0 	
0 0 0 0 	0 0 0 0 	0 0 0 0 	
0 0 0 0 	0 0 0 0 	0 0 0 0 	
0 0 0 0 	0 0 0 0 	0 0 0 0 	
0 0 0 0 	0 0 0 0 	0 0 0 0 	
0 0 0 0 	0 0 0 0 	0 0 0 0 	
0 0 0 0 	0 0 0 0 	0 0 0 0 	
0 0 0 0 	0 0 0 0 	0 0 0 0 	
0 0 0 0 	0 0 0 0 	0 0 0 0 	
0 0 0 0 	0 0 0 0 	0 0 0 0 	
0 0 0 0 	0 0 0 0 	0 0 0 0 	
0 0 0 0 	0 0 0 0 	0 0 0 0 	
0 0 0 0 	0 0 0 0 	0 0 0 0 	
0 0 0 0 	0 0 0 0 	0 0 0 0 	
0 0 0 0 	0 0 0 0 	0 0 0 0 	
0 0 0 0 	0 0 0 0 	0 0 0 0 	
0 0 0 0 	0 0 0 0 	0 0 0 0 	
0 0 0 0 	0 0 0 0 	0 0 0 0 	
0 0 0 0 	0 0 0 0 	0 0 0 0 	
0 0 0 0 	0 0 0 0 	0 0 0 0 	
0 0 0 0 	0 0 0 0 	0 0 0 0 	
0 0 0 0 	0 0 0 0 	0 0 0 0 	
0 0 0 0 	0 0 0 0 	0 0 0 0 	
0 0 0 0 	0 0 0 0 	0 0 0 0 	
0 0 0 0 	0 0 0 0 	0 0 0 0 	
0 0 0 0 	0 0 0 0 	0 0 0 0 	
0 0 0 0 	0 0 0 0 	0 0 0 0 	
0 0 0 0 	0 0 0 0 	0 0 0 0 	
0 0 0 0 	0 0 0 0 	0 0 0 0 	
0 0 0 0 	0 0 0 0 	0 0 0 0 	
0 0 0 0 	0 0 0 0 	0 0 0 0 	
0 0 0 0 	0 0 0 0 	0 0 0 0 	
0 0 0 0 	0 0 0 0 	0 0 0 0 	
0 0 0 0 	0 0 0 0 	0 0 0 0 	
0 0 0 0 	0 0 0 0 	0 0 0 0 	
0 0 0 0 	0 0 0 0 	0 0 0 0 	
0 0 0 0 	0 0 0 0 	0 0 0 0 	
0 0 0 0 	0 0 0 0 	0 0 0 0 	
0 0 0 0 	0 0 0 0 	0 0 0 0 	
0 0 0 0 	0 0 0 0 	0 0 0 0 	
0 0 0 0 	0 0 0 0 	0 0 0 0 	
0 0 0 0 	0 0 0 0 	0 0 0 0 	
0 0 0 0 	0 0 0 0 	0 0 0 0 	
0 0 0 0 	0 0 0 0 	0 0 0 0 	
0 0 0 0 	0 0 0 0 	0 0 0 0 	
0 0 0 0 	0 0 0 0 	0 0 0 0 	
0 0 0 0 	0 0 0 0 	0 0 0 0 	
0 0 0 0 	0 0 0 0 	0 0 0 0 	
0 0 0 0 	0 0 0 0 	0 0 0 0 	
0 0 0 0 	0 0 0 0 	0 0 0 0 	
0 0 0 0 	0 0 0 0 	0 0 0 0 	
0 0 0 0 	0 0 0 0 	0 0 0 0 	
0 0 0 0 	0 0 0 0 	0 0 0 0 	
0 0 0 0 	0 0 0 0 	0 0 0 0 	
0 0 0 0 	0 0 0 0 	0 0 0 0 	
0 0 0 0 	0 0 0 0 	0 0 0 0 	
0 0 0 0 	0 0 0 0 	0 0 0 0 	
0 0 0 0 	0 0 0 0 	0 0 0 0 	
0 0 0 0 	0 0 0 0 	0 0 0 0 	
0 0 0 0 	0 0 0 0 	0 0 0 0 	
0 0 0 0 	0 0 0 0 	0 0 0 0 	
0 0 0 0 	0 0 0 0 	0 0 0 0 	
0 0 0 0 	0 0 0 0 	0 0 0 0 	
0 0 0 0 	0 0 0 0 	0 0 0 0 	
0 0 0 0 	0 0 0 0 	0 0 0 0 	
0 0 0 0 	0 0 0 0 	0 0 0 0 	
0 0 0 0 	0 0 0 0 	0 0 0 0 	
0 0 0 0 	0 0 0 0 	0 0 0 0 	
0 0 0 0 	0 0 0 0 	0 0 0 0 	
0 0 0 0 	0 0 0 0 	0 0 0 0 	
0 0 0 0 	0 0 0 0 	0 0 0 0 	
0 0 0 0 	0 0 0 0 	0 0 0 0 	
0 0 0 0 	0 0 0 0 	0 0 0 0 	
0 0 0 0 	0 0 0 0 	0 0 0 0 	
0 0 0 0 	0 0 0 0 	0 0 0 0 	
0 0 0 0 	0 0 0 0 	0 0 0 0 	
0 0 0 0 	0 0 0 0 	0 0 0 0 	
0 0 0 0 	0 0 0 0 	0 0 0 0 	
0 0 0 0 	0 0 0 0 	0 0 0 0 	
0 0 0 0 	0 0 0 0 	0 0 0 0 	
0 0 0 0 	0 0 0 0 	0 0 0 0 	
0 0 0 0 	0 0 0 0 	0 0 0 0 	
0 0 0 0 	0 0 0 0 	0 0 0 0 	
0 0 0 0 	0 0 0 0 	0 0 0 0 	
0 0 0 0 	0 0 0 0 	0 0 0 0 	
0 0 0 0 	0 0 0 0 	0 0 0 0 	
0 0 0 0 	0 0 0 0 	0 0 0 0 	
0 0 0 0 	0 0 0 0 	0 0 0 0 	
0 0 0 0 	0 0 0 0 	0 0 0 0 	
0 0 0 0 	0 0 0 0 	0 0 0 0 	
0 0 0 0 	0 0 0 0 	0 0 0 0 	
0 0 0 0 	0 0 0 0 	0 0 0 0 	
0 0 0 0 	0 0 0 0 	0 0 0 0 	
0 0 0 0 	0 0 0 0 	0 0 0 0 	
0 0 0 0 	0 0 0 0 	0 0 0 0 	
0 0 0 0 	0 0 0 0 	0 0 0 0 	
0 0 0 0 	0 0 0 0 	0 0 0 0 	
0 0 0 0 	0 0 0 0 	0 0 0 0 	
0 0 0 0 	0 0 0 0 	0 0 0 0 	
0 0 0 0 	0 0 0 0 	0 0 0 0 	
0 0 0 0 	0 0 0 0 	0 0 0 0 	
0 0 0 0 	0 0 0 0 	0 0 0 0 	
0 0 0 0 	0 0 0 0 	0 0 0 0 	
0 0 0 0 	0 0 0 0 	0 0 0 0 	
0 0 0 0 	0 0 0 0 	0 0 0 0 	
0 0 0 0 	0 0 0 0 	0 0 0 0 	
0 0 0 0 	0 0 0 0 	0 0 0 0 	
0 0 0 0 	0 0 0 0 	0 0 0 0 	
0 0 0 0 	0 0 0 0 	0 0 0 0 	
0 0 0 0 	0 0 0 0 	0 0 0 0 	
0 0 0 0 	0 0 0 0 	0 0 0 0 	
0 0 0 0 	0 0 0 0 	0 0 0 0 	
0 0 0 0 	0 0 0 0 	0 0 0 0 	
0 0 0 0 	0 0 0 0 	0 0 0 0 	
0 0 0 0 	0 0 0 0 	0 0 0 0 	
0 0 0 0 	0 0 0 0 	0 0 0 0 	
0 0 0 0 	0 0 0 0 	0 0 0 0 	
0 0 0 0 	0 0 0 0 	0 0 0 0 	
0 0 0 0 	0 0 0 0 	0 0 0 0 	
0 0 0 0 	0 0 0 0 	0 0 0 0 	
0 0 0 0 	0 0 0 0 	0 0 0 0 	
0 0 0 0 	0 0 0 0 	0 0 0 0 	
0 0 0 0 	0 0 0 0 	0 0 0 0 	
0 0 0 0 	0 0 0 0 	0 0 0 0 	
0 0 0 0 	0 0 0 0 	0 0 0 0 	
0 0 0 0 	0 0 0 0 	0 0 0 0 	
0 0 0 0 	0 0 0 0 	0 0 0 0 	
0 0 0 0 	0 0 0 0 	0 0 0 0 	
0 0 0 0 	0 0 0 0 	0 0 0 0 	
0 0 0 0 	0 0 0 0 	0 0 0 0 	
0 0 0 0 	0 0 0 0 	0 0 0 0 	
0 0 0 0 	0 0 0 0 	0 0 0 0 	
0 0 0 0 	0 0 0 0 	0 0 0 0 	
0 0 0 0 	0 0 0 0 	0 0 0 0 	
0 0 0 0 	0 0 0 0 	0 0 0 0 	
0 0 0 0 	0 0 0 0 	0 0 0 0 	
0 0 0 0 	0 0 0 0 	0 0 0 0 	
0 0 0 0 	0 0 0 0 	0 0 0 0 	
0 0 0 0 	0 0 0 0 	0 0 0 0 	
0 0 0 0 	0 0 0 0 	0 0 0 0 	
0 0 0 0 	0 0 0 0 	0 0 0 0 	
0 0 0 0 	0 0 0 0 	0 0 0 0 	
0 0 0 0 	0 0 0 0 	0 0 0 0 	
0 0 0 0 	0 0 0 0 	0 0 0 0 	
0 0 0 0 	0 0 0 0 	0 0 0 0 	
0 0 0 0 	0 0 0 0 	0 0 0 0 	
0 0 0 0 	0 0 0 0 	0 0 0 0 	
0 0 0 0 	0 0 0 0 	0 0 0 0 	
0 0 0 0 	0 0 0 0 	0 0 0 0 	
0 0 0 0 	0 0 0 0 	0 0 0 0 	
0 0 0 0 	0 0 0 0 	0 0 0 0 	
0 0 0 0 	0 0 0 0 	0 0 0 0 	
0 0 0 0 	0 0 0 0 	0 0 0 0 	
0 0 0 0 	0 0 0 0 	0 0 0 0 	
0 0 0 0 	0 0 0 0 	0 0 0 0 	
0 0 0 0 	0 0 0 0 	0 0 0 0 	
0 0 0 0 	0 0 0 0 	0 0 0 0 	
0 0 0 0 	0 0 0 0 	0 0 0 0 	
0 0 0 0 	0 0 0 0 	0 0 0 0 	
0 0 0 0 	0 0 0 0 	0 0 0 0 	
0 0 0 0 	0 0 0 0 	0 0 0 0 	
0 0 0 0 	0 0 0 0 	0 0 0 0 	
0 0 0 0 	0 0 0 0 	0 0 0 0 	
0 0 0 0 	0 0 0 0 	0 0 0 0 	
0 0 0 0 	0 0 0 0 	0 0 0 0 	
0 0 0 0 	0 0 0 0 	0 0 0 0 	
0 0 0 0 	0 0 0 0 	0 0 0 0 	
0 0 0 0 	0 0 0 0 	0 0 0 0 	
0 0 0 0 	0 0 0 0 	0 0 0 0 	
0 0 0 0 	0 0 0 0 	0 0 0 0 	
0 0 0 0 	0 0 0 0 	0 0 0 0 	
0 0 0 0 	0 0 0 0 	0 0 0 0 	
0 0 0 0 	0 0 0 0 	0 0 0 0 	
0 0 0 0 	0 0 0 0 	0 0 0 0 	
0 0 0 0 	0 0 0 0 	0 0 0 0 	
0 0 0 0 	0 0 0 0 	0 0 0 0 	
0 0 0 0 	0 0 0 0 	0 0 0 0 	
0 0 0 0 	0 0 0 0 	0 0 0 0 	
0 0 0 0 	0 0 0 0 	0 0 0 0 	
0 0 0 0 	0 0 0 0 	0 0 0 0 	
0 0 0 0 	0 0 0 0 	0 0 0 0 	
0 0 0 0 	0 0 0 0 	0 0 0 0 	
0 0 0 0 	0 0 0 0 	0 0 0 0 	
0 0 0 0 	0 0 0 0 	0 0 0 0 	
0 0 0 0 	0 0 0 0 	0 0 0 0 	
0 0 0 0 	0 0 0 0 	0 0 0 0 	
0 0 0 0 	0 0 0 0 	0 0 0 0 	
0 0 0 0 	0 0 0 0 	0 0 0 0 	
0 0 0 0 	0 0 0 0 	0 0 0 0 	
1.31333e-05 0 0 0 	0 0 0 0 	0 0 0 0 	
5.66256e-05 0 0 0 	0 0 0 0 	0 0 0 0 	
0.000142033 0 0 0 	0 0 0 0 	0 0 0 0 	
0.00028062 0 0 0 	0 0 0 0 	0 0 0 0 	
0.000483307 0 0 0 	0 0 0 0 	0 0 0 0 	
0.00076061 0 0 0 	0 0 0 0 	0 0 0 0 	
0.00112259 0 0 0 	0 0 0 0 	0 0 0 0 	
0.00157879 0 0 0 	0 0 0 0 	0 0 0 0 	
0.00213821 0 0 0 	0 0 0.0059341 0 	0 0 0 0 	
0.00280923 0 0 0 	0 0 0.0160938 0 	0 0 0 0 	
0.00359959 0 0 0 	0 0 0.0262587 0 	0 0 0 0 	
0.00451629 0 0 0 	0 0 0.0364142 0 	0 0 0 0 	
0.0055656 0 0 0 	0 0 0.0465456 0 	0 0 0 0 	
0.00675298 0 0 0 	0 0 0.0566379 0 	0 0 0 0 	
0.00808304 0 0 0 	0 0 0.0666759 0 	0 0 0 0 	
0.00955954 0 0 0 	0 0 0.0766444 0 	0 0 0 0 	
0.0111853 0 0 0 	0 0 0.0865279 0 	0 0 0 0 	
0.0129624 0 0 0 	0 0 0.096311 0 	0 0 0 0 	
0.0148916 0 0 0 	0 0 0.105978 0 	0 0 0 0 	
0.0169732 0 0 0 	0 0 0.115514 0 	0 0 0 0 	
0.0192061 0 0 0 	0 0 0.124902 0 	0 0 0 0 	
0.0215884 0 0 0 	0 0 0.134128 0 	0 0 0 0 	
0.0241174 0 0 0 	0 0 0.143176 0 	0 0 0 0 	
0.0267893 0 0 0 	0 0 0.152031 0 	0 0 0 0 	
0.0295992 0 0 0 	0 0 0.160678 0 	0 0 0 0 	
0.0325415 0 0 0 	0 0 0.169102 0 	0 0 0 0 	
0.0356097 0 0 0 	0 0 0.177288 0 	0 0 0 0 	
0.0387964 0 0 0 	0 0 0.185223 0 	0 0 0 0 	
0.0420931 0 0 0 	0 0 0.192891 0 	0 0 0 0 	
0.0454908 0 0 0 	0 0 0.20028 0 	0 0 0 0 	
0.0489797 0 0 0 	0 0 0.207376 0 	0 0 0 0 	
0.052549 0 0 0 	0 0 0.214166 0 	0 0 0 0 	
0.0561876 0 0 0 	0 0 0.220637 0 	0 0 0 0 	
0.0598834 0 0 0 	0 0 0.226779 0 	0 0 0 0 	
0.063624 0 0 0 	0 0 0.232579 0 	0 0 0 0 	
0.0673963 0 0 0 	0 0 0.238027 0 	0 0 0 0 	
0.0711869 0 0 0 	0 0 0.243112 0 	0 0 0 0 	
0.0749818 0 0 0 	0 0 0.247824 0 	0 0 0 0 	
0.0787667 0 0 0 	0 0 0.252155 0 	0 0 0 0 	
0.0825272 0 0 0 	0 0 0.256095 0 	0 0 0 0 	
0.0862484 0 0 0 	0 0 0.259637 0 	0 0 0 0 	
0.0899155 0 0 0 	0 0 0.262774 0 	0 0 0 0 	
0.0935134 0 0 0 	0 0 0.265499 0 	0 0 0 0 	
0.0970271 0 0 0 	0 0 0.267806 0 	0 0 0 0 	
0.100442 0 0 0 	0 0 0.26969 0 	0 0 0 0 	
0.103742 0 0 0 	0 0 0.271147 0 	0 0 0 0 	
0.106914 0 0 0 	0 0 0.272172 0 	0 0 0 0 	
0.109943 0 0 0 	0 0 0.272763 0 	0 0 0 0 	
0.112814 0 0 0 	0 0 0.272918 0 	0 0 0 0 	
0.115514 0 0 0 	0 0 0.272634 0 	0 0 0 0 	
0.118029 0 0 0 	0 0 0.271911 0 	0 0 0 0 	
0.120347 0 0 0 	0 0 0.270749 0 	0 0 0 0 	
0.122455 0 0 0 	0 0 0.269148 0 	0 0 0 0 	
0.124352 0 0 0 	0 0 0.26711 0 	0 0 0 0 	
0.126038 0 0 0 	0 0 0.264641 0 	0 0 0 0 	
0.127512 0 0 0 	0 0 0.261745 0 	0 0 0 0 	
0.12877 0 0 0 	0 0 0.258427 0 	0 0 0 0 	
0.129812 0 0 0 	0 0 0.254694 0 	0 0 0 0 	
0.130636 0 0 0 	0 0 0.250552 0 	0 0 0 0 	
0.131241 0 0 0 	0 0 0.24601 0 	0 0 0 0 	
0.131625 0 0 0 	0 0 0.241075 0 	0 0 0 0 	
0.13179 0 0 0 	0 0 0.235756 0 	0 0 0 0 	
0.131735 0 0 0 	0 0 0.230062 0 	0 0 0 0 	
0.131461 0 0 0 	0 0 0.224005 0 	0 0 0 0 	
0.130968 0 0 0 	0 0 0.217594 0 	0 0 0 0 	
0.130257 0 0 0 	0 0 0.210841 0 	0 0 0 0 	
0.129331 0 0 0 	0 0 0.203758 0 	0 0 0 0 	
0.12819 0 0 0 	0 0 0.196357 0 	0 0 0 0 	
0.126838 0 0 0 	0 0 0.18865 0 	0 0 0 0 	
0.125276 0 0 0 	0 0 0.180652 0 	0 0 0 0 	
0.123509 0 0 0 	0 0 0.172376 0 	0 0 0 0 	
0.121538 0 0 0 	0 0 0.163836 0 	0 0 0 0 	
0.119368 0 0 0 	0 0 0.155047 0 	0 0 0 0 	
0.117003 0 0 0 	0 0 0.146025 0 	0 0 0 0 	
0.114447 0 0 0 	0 0 0.136783 0 	0 0 0 0 	
0.111705 0 0 0 	0 0 0.127339 0 	0 0 0 0 	
0.10878 0 0 0 	0 0 0.117708 0 	0 0 0 0.0169937 	
0.10568 0 0 0 	0 0 0.107907 0 	0 0 0 0.0375972 	
0.102408 0 0 0 	0 0 0.0979525 0 	0 0 0 0.0582738 	
0.098971 0 0 0 	0 0 0.0878608 0 	0 0 0 0.0789723 	
0.0953749 0 0 0 	0 0 0.0776493 0 	0 0 0 0.0996412 	
0.0916258 0 0 0 	0 0 0.0673353 0 	0 0 0 0.120229 	
0.0877303 0 0 0 	0 0 0.056936 0 	0 0 0 0.140685 	
0.083695 0 0 0 	0 0 0.046469 0 	0 0 0 0.160957 	
0.079527 0 0 0 	0 0 0.0359517 0 	0 0 0 0.180995 	
0.0752334 0 0 0 	0 0 0.0254019 0 	0 0 0 0.200748 	
0.0708215 0 0 0 	0 0 0.0148371 0 	0 0 0 0.220166 	
0.066299 0 0 0 	0 0 0.00427506 0 	0 0 0 0.2392 	
0.0616735 0 0 0 	0 0 0 0 	0 0 0 0.2578 	
0.0569529 0 0 0 	0 0 0 0 	0 0 0 0.27593 	
0.0521453 0 0 0 	0 0 0 0 	0 0 0 0.29356 	
0.0472587 0 0 0 	0 0 0 0 	0 0 0 0.310662 	
0.0423016 0 0 0 	0 0 0 0 	0 0 0 0.327208 	
0.0372822 0 0 0 	0 0 0 0 	0 0 0 0.343171 	
0.032209 0 0 0 	0 0 0 0 	0 0 0 0.358525 	
0.0270906 0 0 0 	0 0 0 0 	0 0 0 0.373247 	
0.0219356 0 0 0 	0 0 0 0 	0 0 0 0.387312 	
0.0167527 0 0 0 	0 0 0 0 	0 0 0 0.400698 	
0.0115504 0 0 0 	0 0 0 0 	0 0 0 0.413385 	
0.00633755 0 0 0 	0 0 0 0 	0 0 0 0.425351 	
0.00112284 0 0 0 	0 0 0 0 	0 0 0 0.436579 	
0 0 0 0 	0 0 0 0 	0 0 0 0.447051 	
0 0 0 0 	0 0 0 0 	0 0 0 0.45675 	
0 0 0 0 	0 0 0 0 	0 0 0 0.465662 	
0 0 0 0 	0 0 0 0 	0 0 0 0.473773 	
0 0 0 0 	0 0 0 0 	0 0 0 0.481072 	
0 0 0 0 	0 0 0 0 	0 0 0 0.487547 	
0 0 0 0 	0 0 0 0 	0 0 0 0.493188 	
0 0 0 0 	0 0 0 0 	0 0 0 0.497988 	
0 0 0 0 	0 0 0 0 	0 0 0 0.501941 	
0 0 0 0 	0 0 0 0 	0 0 0 0.50504 	
0 0 0 0 	0 0 0 0 	0 0 0 0.507283 	
0 0 0 0 	0 0 0 0 	0 0 0 0.508667 	
0 0 0 0 	0 0 0 0 	0 0 0 0.509191 	
0 0 0 0 	0 0 0 0 	0 0 0 0.508856 	
0 0 0 0 	0 0 0 0 	0 0 0 0.507663 	
0 0 0 0 	0 0 0 0 	0 0 0 0.505616 	
0 0 0 0 	0 0 0 0 	0 0 0 0.50272 	
0 0 0 0 	0 0 0 0 	0 0 0 0.498982 	
0 0 0 0 	0 0 0 0 	0 0 0 0.494408 	
0 0 0 0 	0 0 0 0 	0 0 0 0.489008 	
0 0 0 0 	0 0 0 0 	0 0 0 0.482792 	
0 0 0 0 	0 0 0 0 	0 0 0 0.475772 	
0 0 0 0 	0 0 0 0 	0 0 0 0.467961 	
0 0 0 0 	0 0 0 0 	0 0 0 0.459373 	
0 0 0 0 	0 0 0 0 	0 0 0 0.450025 	
0 0 0 0 	0 0 0 0 	0 0 0 0.439931 	
0 0 0 0 	0 0 0 0 	0 0 0 0.429112 	
0 0 0 0 	0 0 0 0 	0 0 0 0.417586 	
0 0 0 0 	0 0 0 0 	0 0 0 0.405373 	
0 0 0 0 	0 0 0 0 	0 0 0 0.392504 	
0 0 0 0 	0 0 0 0 	0 0 0 0.37901 	
0 0 0 0 	0 0 0 0 	0 0 0 0.364917 	
0 0 0 0 	0 0 0 0 	0 0 0 0.350257 	
0 0 0 0 	0 0 0 0 	0 0 0 0.335059 	
0 0 0 0 	0 0 0 0 	0 0 0 0.319352 	
0 0 0 0 	0 0 0 0 	0 0 0 0.303169 	
0 0 0 0 	0 0 0 0 	0 0 0 0.286538 	
0 0 0 0 	0 0 0 0 	0 0 0 0.269492 	
0 0 0 0 	0 0 0 0 	0 0 0 0.25206 	
0 0 0 0 	0 0 0 0 	0 0 0 0.234275 	
0 0 0 0 	0 0 0 0 	0 0 0 0.216167 	
0 0 0 0 	0 0 0 0 	0 0 0 0.197766 	
0 0 0 0 	0 0 0 0 	0 0 0 0.179104 	
0 0 0 0 	0 0 0 0 	0 0 0 0.160211 	
0 0 0 0 	0 0 0 0 	0 0 0 0.141118 	
0 0 0 0 	0 0 0 0 	0 0 0 0.121854 	
0 0 0 0 	0 0 0 0 	0 0 0 0.10245 	
0 0 0 0 	0 0 0 0 	0 0 0 0.0829356 	
0 0 0 0 	0 0 0 0 	0 0 0 0.0633407 	
0 0 0 0 	0 0 0 0 	0 0 0 0.0436948 	
0 0 0 0 	0 0 0 0 	0 0 0 0.0240273 	
0 0 0 0 	0 0 0 0 	0 0 0 0.00436762 	
0 0 0 0 	0 0 0 0 	0 0 0 0 	
0 0 0 0 	0 0 0 0 	0 0 0 0 	
0 0 0 0 	0 0 0 0 	0 0 0 0 	
0 0 0 0 	0 0 0 0 	0 0 0 0 	
0 0 0 0 	0 0 0 0 	0 0 0 0 	
0 0 0 0 	0 0 0 0 	0 0 0 0 	
0 0 0 0 	0 0 0 0 	0 0 0 0 	
0 0 0 0 	0 0 0 0 	0 0 0 0 	
0 0 0 0 	0 0 0 0 	0 0 0 0 	
0 0 0 0 	0 0 0 0 	0 0 0 0 	
0 0 0 0 	0 0 0 0 	0 0 0 0 	
0 0 0 0 	0 0 0 0 	0 0 0 0 	
0 0 0 0 	0 0 0 0 	0 0 0 0 	
0 0 0 0 	0 0 0 0 	0 0 0 0 	
0 0 0 0 	0 0 0 0 	0 0 0 0 	
0 0 0 0 	0 0 0 0 	0 0 0 0 	
0 0 0 0 	0 0 0 0 	0 0 0 0 	
0 0 0 0 	0 0 0 0 	0 0 0 0 	
0 0 0 0 	0 0 0 0 	0 0 0 0 	
0 0 0 0 	0 0 0 0 	0 0 0 0 	
0 0 0 0 	0 0 0 0 	0 0 0 0 	
0 0 0 0 	0 0 0 0 	0 0 0 0 	
0 0 0 0 	0 0 0 0 	0 0 0 0 	
0 0 0 0 	0 0 0 0 	0 0 0 0 	
0 0 0 0 	0 0 0 0 	0 0 0 0 	
0 0 0 0 	0 0 0 0 	0 0 0 0 	
0 0 0 0 	0 0 0 0 	0 0 0 0 	
0 0 0 0 	0 0 0 0 	0 0 0 0 	
0 0 0 0 	0 0 0 0 	0 0 0 0 	
0 0 0 0 	0 0 0 0 	0 0 0 0 	
0 0 0 0 	0 0 0 0 	0 0 0 0 	
0 0 0 0 	0 0.000325727 0 0 	0 0 0 0 	
0 0 0 0 	0 0.00221988 0 0 	0 0 0 0 	
0 0 0 0 	0 0.00441015 0 0 	0 0 0 0 	
0 0 0 0 	0 0.00690922 0 0 	0 0 0 0 	
0 0 0 0 	0 0.00972886 0 0 	0 0 0 0 	
0 0 0 0.00497379 	0 0.0128799 0 0 	0 0 0 0 	
0 0 0 0.0102921 	0 0.0163721 0 0 	0 0 0 0 	
0 0 0 0.0155795 	0 0.0202143 0 0 	0 0 0 0 	
0 0 0 0.0208273 	0 0.024414 0 0 	0 0 0 0 	
0 0 0 0.0260267 	0 0.0289779 0 0 	0 0 0 0 	
0 0 0 0.0311691 	0 0.0339111 0 0 	0 0 0 0 	
0 0 0 0.0362461 	0 0.0392178 0 0 	0 0 0 0 	
0 0 0 0.0412493 	0 0.0449007 0 0 	0 0 0 0 	
0 0 0 0.0461706 	0 0.0509613 0 0 	0 0 0 0 	
0 0 0 0.0510017 	0 0.0573996 0 0 	0 0 0 0 	
0 0 0 0.055735 	0 0.0642142 0 0 	0 0 0 0 	
0 0 0 0.0603625 	0 0.0714025 0 0 	0 0 0 0 	
0 0 0 0.0648768 	0 0.0789602 0 0 	0 0 0 0 	
0 0 0 0.0692706 	0 0.0868815 0 0 	0 0 0 0 	
0 0 0 0.0735367 	0 0.0951592 0 0 	0 0 0 0 	
0 0 0 0.0776682 	0 0.103784 0 0 	0 0 0 0 	
0 0 0 0.0816585 	0 0.112747 0 0 	0 0 0 0 	
0 0 0 0.0855011 	0 0.122035 0 0 	0 0 0 0 	
0 0 0 0.0891899 	0 0.131635 0 0 	0 0 0 0 	
0 0 0 0.092719 	0 0.141532 0 0 	0 0 0 0 	
0 0 0 0.0960828 	0 0.151709 0 0 	0 0 0 0 	
0 0 0 0.099276 	0 0.162148 0 0 	0 0 0 0 	
0 0 0 0.102293 	0 0.17283 0 0 	0 0 0 0 	
0 0 0 0.105131 	0 0.183733 0 0 	0 0 0 0 	
0 0 0 0.107783 	0 0.194834 0 0 	0 0 0 0 	
0 0 0 0.110246 	0 0.206111 0 0 	0 0 0 0 	
0 0 0 0.112516 	0 0.217537 0 0 	0 0 0 0 	
0 0 0 0.114591 	0 0.229085 0 0 	0 0 0 0 	
0 0 0 0.116466 	0 0.240727 0 0 	0 0 0 0 	
0 0 0 0.118138 	0 0.252435 0 0 	0 0 0 0 	
0 0 0 0.119607 	0 0.264177 0 0 	0 0 0 0 	
0 0 0 0.120868 	0 0.275923 0 0 	0 0 0 0 	
0 0 0 0.121921 	0 0.287639 0 0 	0 0 0 0 	
0 0 0 0.122764 	0 0.299293 0 0 	0 0 0 0 	
0 0 0 0.123397 	0 0.310849 0 0 	0 0 0 0 	
0 0 0 0.123817 	0 0.322274 0 0 	0 0 0 0 	
0 0 0 0.124026 	0 0.333532 0 0 	0 0 0 0 	
0 0 0 0.124023 	0 0.344586 0 0 	0 0 0 0 	
0 0 0 0.123808 	0 0.3554 0 0 	0 0 0 0 	
0 0 0 0.123382 	0 0.365937 0 0 	0 0 0 0 	
0 0 0 0.122746 	0 0.37616 0 0 	0 0 0 0 	
0 0 0 0.121902 	0 0.386033 0 0 	0 0 0 0 	
0 0 0 0.120852 	0 0.395517 0 0 	0 0 0 0 	
0 0 0 0.119596 	0 0.404575 0.0195787 0 	0 0 0 0 	
0 0 0 0.118139 	0 0.413172 0.062057 0 	0 0 0 0 	
0 0 0 0.116482 	0 0.42127 0.104913 0 	0 0 0 0 	
0 0 0 0.114629 	0 0.428834 0.148034 0 	0 0 0 0 	
0 0 0 0.112583 	0 0.435827 0.191303 0 	0 0 0 0 	
0 0 0 0.110348 	0 0.442217 0.234604 0 	0 0 0 0 	
0 0 0 0.107928 	0 0.447968 0.277821 0 	0 0 0 0 	
0 0 0 0.105327 	0 0.453049 0.320837 0 	0 0 0 0 	
0 0 0 0.10255 	0 0.457427 0.363534 0 	0 0 0 0 	
0 0 0 0.0996021 	0 0.461072 0.405796 0 	0 0 0 0 	
0 0 0 0.0964879 	0 0.463954 0.447508 0 	0 0 0 0 	
0 0 0 0.0932132 	0 0.466045 0.488553 0 	0 0 0 0 	
0 0 0 0.0897837 	0 0.467344 0.528861 0 	0 0 0 0 	
0 0 0 0.0862053 	0 0.467863 0.56838 0 	0 0 0 0 	
0 0 0 0.0824844 	0 0.4676 0.607039 0 	0 0 0 0 	
0 0 0 0.0786272 	0 0.466559 0.644769 0 	0 0 0 0 	
0 0 0 0.0746406 	0 0.464741 0.681502 0 	0 0 0 0 	
0 0 0 0.0705313 	0 0.462153 0.717173 0 	0 0 0 0 	
0 0 0 0.0663064 	0 0.458798 0.751716 0 	0 0 0 0 	
0 0 0 0.0619731 	0 0.454684 0.785069 0 	0 0 0 0 	
0 0 0 0.0575388 	0 0.449819 0.817171 0 	0 0 0 0 	
0 0 0 0.0530112 	0 0.444213 0.847964 0 	0 0 0 0 	
0 0 0 0.0483978 	0 0.437876 0.877389 0 	0 0 0 0 	
0 0 0 0.0437065 	0 0.430819 0.905395 0 	0 0 0 0 	
0 0 0 0.0389453 	0 0.423056 0.931927 0 	0 0 0 0 	
0 0 0 0.0341223 	0 0.414601 0.956936 0 	0 0 0 0 	
0 0 0 0.0292455 	0 0.405469 0.980375 0 	0 0 0 0 	
0 0 0 0.0243232 	0 0.395677 1.0022 0 	0 0 0 0 	
0 0 0 0.0193636 	0 0.385241 1.02237 0 	0 0 0 0 	
0 0 0 0.0143751 	0 0.374181 1.04084 0 	0 0 0 0 	
0 0 0 0.00936613 	0 0.362515 1.05758 0 	0 0 0 0 	
0 0 0 0.00434495 	0 0.350265 1.07256 0 	0 0 0 0 	
0 0 0 0 	0 0.337451 1.08574 0 	0 0 0 0 	
0 0 0 0 	0 0.324097 1.0971 0 	0 0 0 0 	
0 0 0 0 	0 0.310224 1.10662 0 	0 0 0 0 	
0 0 0 0 	0 0.295858 1.11429 0 	0 0 0 0 	
0 0 0 0 	0 0.281022 1.1201 0 	0 0 0 0 	
0 0 0 0 	0 0.265743 1.12405 0 	0 0 0 0 	
0 0 0 0 	0 0.250046 1.12612 0 	0 0 0 0 	
0 0 0 0 	0 0.233959 1.12632 0 	0 0 0 0 	
0 0 0 0 	0 0.217508 1.12466 0 	0 0 0 0 	
0 0 0 0 	0 0.200723 1.12113 0 	0 0 0 0 	
0 0 0 0 	0 0.183631 1.11575 0 	0 0 0 0 	
0 0 0 0 	0 0.166261 1.10853 0 	0 0 0 0 	
0 0 0 0 	0 0.148643 1.09949 0 	0 0 0 0 	
0 0 0 0 	0 0.130807 1.08864 0 	0 0 0 0 	
0 0 0 0 	0 0.112782 1.076 0 	0 0 0 0 	
0 0 0 0 	0 0.0945808 1.06158 0 	0 0 0 0 	
0 0 0 0 	0 0.0761668 1.04534 0 	0 0 0 0 	
0 0 0 0 	0 0.0575039 1.02725 0 	0 0 0 0 	
0 0 0 0 	0 0.0385541 1.00728 0 	0 0 0 0 	
0 0 0 0 	0 0.0192787 0.985412 0 	0 0 0 0 	
0 0 0 0 	0 0 0.961616 0 	0 0 0 0 	
0 0 0 0 	0 0 0.935878 0 	0 0 0 0 	
0 0 0 0 	0 0 0.908192 0 	0 0 0 0 	
0 0 0 0 	0 0 0.878554 0 	0 0 0 0 	
0 0 0 0 	0 0 0.846969 0 	0 0 0 0 	
0 0 0 0 	0 0 0.813453 0 	0 0 0 0 	
0 0 0 0 	0 0 0.778028 0 	0 0 0 0 	
0 0 0 0 	0 0 0.740727 0 	0 0 0 0 	
0 0 0 0 	0 0 0.701596 0 	0 0 0 0 	
0 0 0 0 	0 0 0.66069 0 	0 0 0 0 	
0 0 0 0 	0 0 0.618077 0 	0 0 0 0 	
0 0 0 0 	0 0 0.573841 0 	0 0 0 0 	
0 0 0 0 	0 0 0.528076 0 	0 0 0 0 	
0 0 0 0 	0 0 0.480891 0 	0 0 0 0 	
0 0 0 0 	0 0 0.432409 0 	0 0 0 0 	
0.00882172 0 0 0 	0 0 0.382764 0 	0 0 0 0 	
0.0284792 0 0 0 	0 0 0.332104 0 	0 0 0 0 	
0.0496528 0 0 0 	0 0 0.280585 0 	0 0 0 0 	
0.072317 0 0 0 	0 0 0.228369 0 	0 0 0 0 	
0.0964301 0 0 0 	0 0 0.175626 0 	0 0 0 0 	
0.121934 0 0 0 	0 0 0.122526 0 	0 0 0 0 	
0.148755 0 0 0 	0 0 0.0692375 0 	0 0 0 0 	
0.176805 0 0 0 	0 0 0.0159273 0 	0 0 0 0.00664922 	
0.205982 0 0 0 	0 0 0 0 	0 0 0 0.0642354 	
0.236174 0 0 0 	0 0 0 0 	0 0 0 0.1218 	
0.267257 0 0 0 	0 0 0 0 	0 0 0 0.179294 	
0.2991 0 0 0 	0 0 0 0 	0 0 0 0.236656 	
0.331567 0 0 0 	0 0 0 0 	0 0 0 0.293816 	
0.364514 0 0 0 	0 0 0 0 	0 0 0 0.350696 	
0.397798 0 0 0 	0 0 0 0 	0 0 0 0.407208 	
0.43127 0 0 0.00137616 	0 0 0 0 	0 0 0 0.463256 	
0.464783 0 0 0.00526588 	0 0 0 0 	0 0 0 0.518738 	
0.498186 0 0 0.00884317 	0 0 0 0 	0 0 0 0.573546 	
0.531334 0 0 0.0121245 	0 0 0 0 	0 0 0 0.627568 	
0.56408 0 0 0.0151318 	0 0 0 0 	0 0 0 0.68069 	
0.59628 0 0 0.0178915 	0 0 0 0 	0 0 0 0.732791 	
0.627793 0 0 0.0204336 	0 0 0 0 	0 0 0 0.783755 	
0.658483 0 0 0.0227912 	0 0 0 0 	0 0 0 0.833459 	
0.688217 0 0 0.0249994 	0 0 0 0 	0 0 0 0.881785 	
0.716866 0 0 0.0270949 	0 0 0 0 	0 0 0 0.928614 	
0.744309 0 0 0.029115 	0 0 0 0 	0 0 0 0.973831 	
0.770427 0 0 0.0310973 	0 0 0 0 	0 0 0 1.01732 	
0.795179 0 0 0.0330407 	0 0 0 0 	0 0 0 1.05901 	
0.818565 0 0 0.0349208 	0 0 0 0 	0 0 0 1.09886 	
0.840547 0 0 0.0367348 	0 0 0 0 	0 0 0 1.1368 	
0.861092 0 0 0.0384795 	0 0 0 0 	0 0 0 1.17277 	
0.880167 0 0 0.0401524 	0 0 0 0 	0 0 0 1.20672 	
0.897744 0 0 0.0417506 	0 0 0 0 	0 0 0 1.23858 	
0.913795 0 0 0.0432717 	0 0 0 0 	0 0 0 1.26833 	
0.928296 0 0 0.0447132 	0 0 0 0 	0 0 0 1.2959 	
0.941226 0 0 0.0460728 	0 0 0 0 	0 0 0 1.32125 	
0.952566 0 0 0.0473486 	0 0 0 0 	0 0 0 1.34435 	
0.962299 0 0 0.0485384 	0 0 0 0 	0 0 0 1.36516 	
0.970412 0 0 0.0496404 	0 0 0 0 	0 0 0 1.38365 	
0.976894 0 0 0.0506529 	0 0 0 0 	0 0 0 1.39979 	
0.981738 0 0 0.0515744 	0 0 0 0 	0 0 0 1.41357 	
0.984937 0 0 0.0524035 	0 0 0 0 	0 0 0 1.42495 	
0.986489 0 0 0.053139 	0 0 0 0 	0 0 0 1.43393 	
0.986394 0 0 0.0537798 	0 0 0 0 	0 0 0 1.4405 	
0.984656 0 0 0.054325 	0 0 0 0 	0 0 0 1.44465 	
0.981279 0 0 0.0547738 	0 0 0 0 	0 0 0 1.44637 	
0.976273 0 0 0.0551257 	0 0 0 0 	0 0 0 1.44566 	
0.969648 0 0 0.0553803 	0 0 0 0 	0 0 0 1.44254 	
0.961417 0 0 0.0555372 	0 0 0 0 	0 0 0 1.43702 	
0.951598 0 0 0.0555963 	0 0 0 0 	0 0 0 1.42909 	
0.94021 0 0 0.0555579 	0 0 0 0 	0 0 0 1.41879 	
0.927388 0 0 0.0554861 	0 0 0 0 	0 0 0 1.40609 	
0.913215 0 0 0.0554092 	0 0 0 0 	0 0 0 1.39101 	
0.897774 0 0 0.0553518 	0 0 0 0 	0 0 0 1.37353 	
0.881151 0 0 0.0553358 	0 0 0 0 	0 0 0 1.35367 	
0.863432 0 0 0.0553797 	0 0 0 0 	0 0 0 1.33143 	
0.844702 0 0 0.0554989 	0 0 0 0 	0 0 0 1.30686 	
0.82505 0 0 0.055705 	0 0 0 0 	0 0 0 1.27998 	
0.804563 0 0 0.0560062 	0 0 0 0 	0 0 0 1.25093 	
0.783327 0 0 0.056407 	0 0 0 0 	0 0 0 1.21976 	
0.761429 0 0 0.0569085 	0 0 0 0 	0 0 0 1.18651 	
0.738954 0 0 0.0575084 	0 0 0 0 	0 0 0 1.15125 	
0.715983 0 0 0.0582012 	0 0 0 0 	0 0 0 1.11404 	
0.6926 0 0 0.0589783 	0 0 0 0 	0 0 0 1.07495 	
0.668883 0 0 0.0598286 	0 0 0 0 	0 0 0 1.03405 	
0.644909 0 0 0.0607384 	0 0 0 0 	0 0 0 0.99142 	
0.620753 0 0 0.0616922 	0 0 0 0 	0 0 0 0.947138 	
0.596488 0 0 0.0626726 	0 0 0 0 	0 0 0 0.901291 	
0.572183 0 0 0.0636611 	0 0 0 0 	0 0 0 0.853964 	
0.547906 0 0 0.064638 	0 0 0 0 	0 0 0 0.805244 	
0.523722 0 0 0.0655833 	0 0 0 0 	0 0 0 0.755219 	
0.499695 0 0 0.0664762 	0 0 0 0 	0 0 0 0.703972 	
0.475887 0 0 0.0672962 	0 0 0 0.0068098 	0 0 0 0.651585 	
0.452358 0 0 0.0680225 	0 0 0 0.0351138 	0 0 0 0.598124 	
0.429168 0 0 0.0686346 	0 0 0 0.0618696 	0 0 0 0.543615 	
0.406374 0 0 0.0691123 	0 0 0 0.087163 	0 0 0 0.488078 	
0.384036 0 0 0.0694352 	0 0 0 0.111135 	0 0 0 0.431538 	
0.362211 0 0 0.0695833 	0 0 0 0.133978 	0 0 0 0.37402 	
0.340956 0 0 0.0695359 	0 0 0 0.155923 	0 0 0 0.315562 	
0.32033 0 0 0.0692721 	0 0 0 0.177216 	0 0 0 0.256224 	
0.300389 0 0 0.0687698 	0 0 0 0.198094 	0 0 0 0.196086 	
0.281189 0 0 0.068006 	0 0 0 0.21876 	0 0 0 0.135256 	
0.262784 0 0 0.0669559 	0 0 0 0.239373 	0 0 0 0.0738592 	
0.245226 0 0 0.0655937 	0 0 0 0.260041 	0 0 0 0.0120322 	
0.228566 0 0 0.0638916 	0 0 0 0.280825 	0 0 0 0 	
0.212849 0 0 0.0618205 	0 0 0 0.301747 	0 0 0 0 	
0.198118 0 0 0.0593497 	0 0 0 0.322793 	0 0 0 0 	
0.18441 0 0 0.0564476 	0 0 0 0.343923 	0 0 0 0 	
0.171759 0 0 0.0530816 	0 0 0 0.365076 	0 0 0 0 	
0.160193 0 0 0.0492188 	0 0 0 0.386173 	0 0 0 0 	
0.149732 0 0 0.0448262 	0 0 0 0.407119 	0 0 0 0 	
0.140394 0 0 0.0398716 	0 0 0 0.427811 	0 0 0 0 	
0.132189 0 0 0.0343241 	0 0 0 0.448135 	0 0 0 0 	
0.125121 0 0 0.0281547 	0 0 0 0.467972 	0 0 0 0 	
0.119189 0 0 0.0213369 	0 0 0 0.487196 	0 0 0 0 	
0.114387 0 0 0.0138475 	0 0 0 0.505682 	0 0 0 0 	
0.110701 0 0 0.00566698 	0 0 0 0.523301 	0 0 0 0 	
0.108116 0 0 0 	0 0 0 0.539922 	0 0 0 0 	
0.106609 0 0 0 	0 0 0 0.555636 	0 0 0 0 	
0.106158 0 0 0 	0 0 0 0.570414 	0 0 0 0 	
0.106733 0 0 0 	0 0 0 0.58423 	0 0 0 0 	
0.108303 0 0 0 	0 0 0 0.597059 	0 0 0 0 	
0.110833 0 0 0 	0 0 0 0.608879 	0 0 0 0 	
0.114288 0 0 0 	0 0 0 0.619667 	0 0 0 0 	
0.118629 0 0 0 	0 0 0 0.629405 	0 0 0 0 	
0.123816 0 0 0 	0 0 0 0.638075 	0 0 0 0 	
0.129807 0 0 0 	0 0 0 0.645661 	0 0 0 0 	
0.136559 0 0 0 	0 0 0 0.652149 	0 0.0107558 0 0 	
0.144028 0 0 0 	0 0 0 0.657529 	0 0.075089 0 0 	
0.152169 0 0 0 	0 0 0 0.66179 	0 0.140146 0 0 	
0.160937 0 0 0 	0 0 0 0.664924 	0 0.205786 0 0 	
0.170285 0 0 0 	0 0 0 0.666927 	0 0.271867 0 0 	
0.180167 0 0 0 	0 0 0 0.667794 	0 0.338249 0 0 	
0.190536 0 0 0 	0 0 0 0.667524 	0 0.40479 0 0 	
0.201344 0 0 0 	0 0 0 0.666119 	0 0.471349 0 0 	
0.212545 0 0 0 	0 0 0 0.66358 	0 0.537787 0 0 	
0.224091 0 0 0 	0 0 0 0.659912 	0 0.603965 0 0 	
0.235936 0 0 0 	0 0 0 0.655123 	0 0.669745 0 0 	
0.248031 0 0 0 	0 0 0 0.649221 	0 0.73499 0 0 	
0.26033 0 0 0 	0 0 0 0.642216 	0 0.799565 0 0 	
0.272787 0 0 0 	0 0 0 0.634122 	0 0.863339 0 0 	
0.285354 0 0 0 	0 0 0 0.624953 	0 0.926179 0 0 	
0.297986 0 0 0 	0 0 0 0.614725 	0 0.987958 0 0 	
0.310637 0 0 0 	0 0 0 0.603457 	0 1.04855 0 0 	
0.323261 0 0 0 	0 0 0 0.591169 	0 1.10783 0 0 	
0.335814 0 0 0 	0 0 0 0.577883 	0 1.16567 0 0 	
0.348253 0 0 0 	0 0 0 0.563622 	0 1.22197 0 0 	
0.360532 0 0 0 	0 0 0 0.548411 	0 1.2766 0 0 	
0.372609 0 0 0 	0 0 0 0.532277 	0 1.32946 0.0202328 0 	
0.384442 0 0 0 	0 0 0 0.51525 	0 1.38043 0.0955124 0 	
0.395988 0 0 0 	0 0 0 0.497357 	0 1.42941 0.17095 0 	
0.407208 0 0 0 	0 0 0 0.478631 	0 1.47631 0.246415 0 	
0.418062 0 0 0 	0 0 0 0.459105 	0 1.52101 0.321773 0 	
0.428509 0 0 0 	0 0 0 0.438812 	0 1.56344 0.396892 0 	
0.438512 0 0 0 	0 0 0 0.417787 	0 1.60351 0.471636 0 	
0.448033 0 0 0 	0 0 0 0.396067 	0 1.64112 0.545871 0 	
0.457037 0 0 0 	0 0 0 0.37369 	0 1.67619 0.619461 0 	
0.465487 0 0 0 	0 0 0 0.350694 	0 1.70866 0.692271 0 	
0.47335 0 0 0 	0 0 0 0.327118 	0 1.73846 0.764165 0 	
0.480592 0 0 0 	0 0 0 0.303003 	0 1.7655 0.835009 0 	
0.487182 0 0 0 	0 0 0 0.278391 	0 1.78975 0.90467 0 	
0.493089 0 0 0 	0 0 0 0.253323 	0 1.81113 0.973015 0 	
0.498282 0 0 0 	0 0 0 0.227843 	0 1.82959 1.03991 0 	
0.502735 0 0 0 	0 0 0 0.201993 	0 1.84509 1.10523 0 	
0.50642 0 0 0 	0 0 0 0.175818 	0 1.85759 1.16885 0 	
0.509312 0 0 0 	0 0 0 0.149361 	0 1.86706 1.23064 0 	
0.511385 0 0 0 	0 0 0 0.122669 	0 1.87345 1.29047 0 	
0.512618 0 0 0 	0 0 0 0.0957855 	0 1.87674 1.34824 0 	
0.512989 0 0 0 	0 0 0 0.0687563 	0 1.87691 1.40381 0 	
0.51249 0 0 0 	0 0 0 0.0416326 	0 1.87396 1.45708 0 	
0.511136 0 0 0 	0 0 0 0.0144748 	0 1.86789 1.5079 0 	
0.508934 0 0 0 	0 0 0 0 	0 1.85872 1.55617 0 	
0.505886 0 0 0 	0 0 0 0 	0 1.84646 1.60177 0 	
0.502001 0 0 0 	0 0 0 0 	0 1.83114 1.64463 0 	
0.497286 0 0 0 	0 0 0 0 	0 1.8128 1.68469 0 	
0.491749 0 0 0 	0 0 0 0 	0 1.79147 1.72189 0 	
0.485402 0 0 0 	0 0 0 0 	0 1.76719 1.75616 0 	
0.478257 0 0 0 	0 0 0 0 	0 1.74 1.78746 0 	
0.470327 0 0 0 	0 0 0 0 	0 1.70996 1.81574 0 	
0.461626 0 0 0 	0 0 0 0 	0 1.67712 1.84096 0 	
0.45217 0 0 0 	0 0 0 0 	0 1.64154 1.86307 0 	
0.441976 0 0 0 	0 0 0 0 	0 1.60328 1.88206 0 	
0.431062 0 0 0 	0 0 0 0 	0 1.56241 1.89788 0 	
0.419449 0 0 0 	0 0 0 0 	0 1.51901 1.91052 0 	
0.407155 0 0 0 	0 0 0 0 	0 1.47315 1.91997 0 	
0.394204 0 0 0 	0 0 0 0 	0 1.42491 1.92622 0 	
0.380617 0 0 0 	0 0 0 0 	0 1.37438 1.92925 0 	
0.366418 0 0 0 	0 0 0 0 	0 1.32163 1.92907 0 	
0.351632 0 0 0 	0 0 0 0 	0 1.26678 1.92569 0 	
0.336285 0 0 0 	0 0 0 0 	0 1.2099 1.91911 0 	
0.320403 0 0 0 	0 0 0 0 	0 1.1511 1.90935 0 	
0.304014 0 0 0 	0 0 0 0 	0 1.09049 1.89644 0 	
0.287145 0 0 0 	0 0 0 0 	0 1.02815 1.8804 0 	
0.269825 0 0 0 	0 0 0 0 	0 0.964206 1.86126 0 	
0.252085 0 0 0 	0 0 0 0 	0 0.898761 1.83906 0 	
0.233954 0 0 0 	0 0 0 0 	0 0.831927 1.81385 0 	
0.215464 0 0 0 	0 0 0 0 	0 0.763818 1.78566 0 	
0.196645 0 0 0 	0 0 0 0 	0 0.69455 1.75455 0 	
0.17753 0 0 0 	0 0 0 0 	0 0.624239 1.72058 0 	
0.158151 0 0 0 	0 0 0 0 	0 0.553005 1.68381 0 	
0.13854 0 0 0 	0 0 0 0 	0 0.480969 1.6443 0 	
0.118731 0 0 0 	0 0 0 0 	0 0.40825 1.60213 0 	
0.0987578 0 0 0 	0 0 0 0 	0 0.334973 1.55737 0 	
0.0786529 0 0 0 	0 0 0 0 	0 0.261259 1.51009 0 	
0.0584505 0 0 0 	0 0 0 0 	0 0.187233 1.46039 0 	
0.0381843 0 0 0 	0 0 0 0 	0 0.113018 1.40835 0 	
0.0178882 0 0 0 	0 0 0 0 	0 0.0387383 1.35406 0 	
0 0 0 0 	0 0 0 0 	0 0 1.29761 0 	
0 0 0 0 	0 0 0 0 	0 0 1.2391 0 	
0 0 0 0 	0 0 0 0 	0 0 1.17863 0 	
0 0 0 0 	0 0 0 0 	0 0 1.11631 0 	
0 0 0 0 	0 0 0 0 	0 0 1.05225 0 	
0 0 0 0 	0 0 0 0 	0 0 0.986541 0 	
0 0 0 0 	0 0 0 0 	0 0 0.919312 0 	
0 0 0 0 	0 0 0 0 	0 0 0.850672 0 	
0 0 0 0 	0 0 0 0 	0 0 0.780739 0 	
0 0 0.032622 0 	0 0 0 0 	0 0 0.709632 0 	
0 0 0.06791 0 	0 0 0 0 	0 0 0.637469 0 	
0 0 0.103031 0 	0 0 0 0 	0 0 0.564375 0 	
0 0 0.13791 0 	0 0 0 0 	0 0 0.490488 0 	
0 0 0.172427 0 	0 0 0 0 	0 0 0.415991 0 	
0 0 0.206533 0 	0 0 0 0 	0 0 0.341002 0 	
0 0 0.240205 0 	0 0 0 0 	0 0 0.265614 0 	
0 0 0.273449 0 	0 0 0 0 	0 0 0.189891 0 	
0 0 0.3063 0 	0 0 0 0 	0 0 0.113904 0 	
0 0 0.338821 0 	0 0 0 0 	0 0 0.0376803 0 	
0 0 0.371097 0 	0 0 0 0 	0 0 0 0 	
0 0 0.403224 0 	0 0 0 0 	0 0 0 0 	
0 0 0.435296 0 	0 0 0 0 	0 0 0 0 	
0 0 0.467392 0 	0 0 0 0 	0 0 0 0 	
0 0 0.499558 0 	0 0 0 0 	0 0 0 0 	
0 0 0.531799 0 	0 0 0 0 	0 0 0 0 	
0 0 0.564075 0 	0 0 0 0 	0 0 0 0 	
0 0 0.5963 0 	0 0 0 0 	0 0 0 0 	
0 0 0.628352 0 	0 0.0177909 0 0 	0 0 0 0 	
0 0 0.660075 0 	0 0.0436803 0 0 	0 0 0 0 	
0 0 0.691291 0 	0 0.0691669 0 0 	0 0 0 0 	
0 0 0.721804 0 	0 0.094301 0 0 	0 0 0 0 	
0 0 0.751406 0 	0 0.119115 0 0 	0 0 0 0 	
0 0 0.779883 0 	0 0.143626 0 0 	0 0 0 0 	
0 0 0.807015 0 	0 0.167832 0 0 	0 0 0 0 	
0 0 0.8326 0 	0 0.191718 0 0 	0 0 0 0 	
0 0 0.85676 0 	0 0.215245 0 0 	0 0 0 0 	
0 0 0.879457 0 	0 0.238374 0 0 	0 0 0 0 	
0 0 0.900655 0 	0 0.261067 0 0 	0 0 0 0 	
0 0 0.920322 0 	0 0.283287 0 0 	0 0 0 0 	
0 0 0.938427 0 	0 0.304998 0 0 	0 0 0 0 	
0 0 0.954942 0 	0 0.326164 0 0 	0 0 0 0 	
0 0 0.969844 0 	0 0.346752 0 0 	0 0 0 0 	
0 0 0.983109 0 	0 0.366727 0 0 	0 0 0 0 	
0 0 0.994718 0 	0 0.386058 0 0 	0 0 0 0 	
0 0 1.00466 0 	0 0.404713 0 0 	0.0052304 0 0 0 	
0 0 1.01291 0 	0 0.422662 0 0 	0.0726171 0 0 0 	
0 0 1.01946 0 	0 0.439877 0 0 	0.140475 0 0 0 	
0 0 1.02431 0 	0 0.456331 0 0 	0.208719 0 0 0 	
0 0 1.02745 0 	0 0.471996 0 0 	0.277261 0 0 0 	
0 0 1.02887 0 	0 0.486849 0 0 	0.346014 0 0 0 	
0 0 1.02859 0 	0 0.500865 0 0 	0.414888 0 0 0 	
0 0 1.02659 0 	0 0.514023 0 0 	0.483789 0 0 0 	
0 0 1.02289 0 	0 0.526303 0 0 	0.552626 0 0 0 	
0 0 1.0175 0 	0 0.537685 0 0 	0.621305 0 0 0 	
0 0 1.01043 0 	0 0.548152 0 0 	0.68973 0 0 0 	
0 0 1.00169 0 	0 0.557688 0 0 	0.757805 0 0 0.0598133 	
0 0 0.991294 0 	0 0.566278 0 0 	0.825432 0 0 0.144632 	
0 0 0.979272 0 	0 0.57391 0 0 	0.892516 0 0 0.229059 	
0 0 0.965644 0 	0 0.580574 0 0 	0.958956 0 0 0.312953 	
0 0 0.950434 0 	0 0.586258 0 0 	1.02465 0 0 0.396176 	
0 0 0.93367 0 	0 0.590956 0 0 	1.08951 0 0 0.47859 	
0 0 0.915382 0 	0 0.594661 0 0 	1.15343 0 0 0.56006 	
0 0 0.895605 0 	0 0.597369 0 0 	1.21632 0 0 0.64045 	
0 0 0.874373 0 	0 0.599076 0 0 	1.27806 0 0 0.719629 	
0 0 0.851723 0 	0 0.599783 0 0 	1.33857 0 0 0.797467 	
0 0 0.827697 0 	0 0.599488 0 0 	1.39775 0 0 0.873837 	
0 0 0.802336 0 	0 0.598195 0 0 	1.4555 0 0 0.948613 	
0 0 0.775685 0 	0 0.595907 0 0 	1.51173 0 0 1.02167 	
0 0 0.747791 0 	0 0.59263 0 0 	1.56633 0 0 1.0929 	
0 0 0.718702 0 	0 0.58837 0 0 	1.61922 0 0 1.16218 	
0 0 0.688468 0 	0 0.583137 0 0 	1.67031 0 0 1.22939 	
0 0 0.657142 0 	0 0.576941 0 0 	1.71949 0 0 1.29443 	
0 0 0.624778 0 	0 0.569793 0 0 	1.76669 0 0 1.3572 	
0 0 0.591432 0 	0 0.561708 0 0 	1.81182 0 0 1.41759 	
0 0 0.55716 0 	0 0.5527 0 0 	1.85479 0 0 1.47551 	
0 0 0.522022 0 	0 0.542786 0 0 	1.89552 0 0 1.53086 	
0 0 0.486077 0 	0 0.531984 0 0 	1.93392 0 0 1.58356 	
0 0 0.449387 0 	0 0.520313 0 0 	1.96993 0 0 1.63352 	
0 0 0.412014 0 	0 0.507794 0 0 	2.00346 0 0 1.68067 	
0 0 0.374021 0 	0 0.49445 0 0 	2.03443 0 0 1.72493 	
0 0 0.335473 0 	0 0.480304 0 0 	2.0628 0 0 1.76622 	
0 0 0.296436 0 	0 0.465382 0 0 	2.08847 0 0 1.8045 	
0 0 0.256974 0 	0 0.449708 0 0 	2.1114 0 0 1.83969 	
0 0 0.217154 0 	0 0.433311 0 0 	2.13152 0 0 1.87176 	
0 0 0.177044 0 	0 0.416219 0 0 	2.14878 0 0 1.90063 	
0 0 0.136711 0 	0 0.398462 0 0 	2.16312 0 0 1.92628 	
0 0 0.0962219 0 	0 0.380071 0 0 	2.1745 0 0 1.94867 	
0 0 0.0556448 0 	0 0.361076 0 0 	2.18286 0 0 1.96777 	
0 0 0.0150475 0 	0 0.341512 0 0 	2.18818 0 0 1.98354 	
0 0 0 0 	0 0.321411 0 0 	2.19041 0 0 1.99597 	
0 0 0 0 	0 0.300807 0 0 	2.18952 0 0 2.00504 	
0 0 0 0 	0 0.279737 0 0 	2.18548 0 0 2.01075 	
0 0 0 0 	0 0.258236 0 0 	2.17827 0 0 2.01309 	
0 0 0 0 	0 0.23634 0 0 	2.16788 0 0 2.01205 	
0 0 0 0 	0 0.214086 0 0 	2.15429 0 0 2.00766 	
0 0 0 0 	0 0.191513 0 0 	2.13748 0 0 1.99992 	
0 0 0 0 	0 0.168659 0 0 	2.11746 0 0 1.98885 	
0 0 0 0 	0 0.145561 0 0 	2.09422 0 0 1.97447 	
0 0 0 0 	0 0.122259 0 0 	2.06778 0 0 1.95681 	
0 0 0 0 	0 0.0987927 0 0 	2.03813 0 0 1.93591 	
0 0 0 0 	0 0.0752005 0 0 	2.0053 0 0 1.91182 	
0 0 0 0 	0 0.0515223 0 0 	1.96932 0 0 1.88456 	
0 0 0 0 	0 0.0277977 0 0.0481508 	1.93019 0 0 1.8542 	
0 0 0 0 	0 0.00406623 0 0.0967398 	1.88796 0 0 1.82071 	
0 0 0 0 	0 0 0 0.145077 	1.84266 0 0 1.78407 	
0 0 0 0 	0 0 0 0.193081 	1.79436 0 0 1.74427 	
0 0 0 0 	0 0 0 0.240675 	1.74316 0 0 1.70129 	
0 0 0 0 	0 0 0 0.287778 	1.68913 0 0 1.65514 	
0 0 0 0 	0 0 0 0.334312 	1.63238 0 0 1.60582 	
0 0 0 0 	0 0 0 0.380203 	1.57301 0 0 1.55334 	
0 0 0 0 	0 0 0 0.425373 	1.51111 0 0 1.49771 	
0 0 0 0 	0 0 0 0.46975 	1.44679 0 0 1.43896 	
0 0 0 0 	0 0 0 0.513259 	1.38017 0 0 1.37712 	
0 0 0 0 	0 0 0 0.555831 	1.31136 0 0 1.31222 	
0 0 0 0 	0 0 0 0.597396 	1.24048 0 0 1.2443 	
0 0 0 0 	0 0 0 0.637886 	1.16766 0 0 1.17342 	
0 0 0 0 	0 0 0 0.677236 	1.093 0 0 1.09963 	
0 0 0 0 	0 0 0 0.715381 	1.01665 0 0 1.02299 	
0 0 0 0 	0 0 0 0.752261 	0.938734 0 0 0.943566 	
0 0 0 0 	0 0 0 0.787816 	0.859381 0 0 0.861442 	
0 0 0 0 	0 0 0 0.821989 	0.778729 0 0 0.776697 	
0 0 0 0 	0 0 0 0.854725 	0.696913 0 0 0.689419 	
0 0 0 0 	0 0 0 0.885972 	0.614072 0 0 0.599702 	
0 0 0 0 	0 0 0 0.91568 	0.530345 0 0 0.50765 	
0 0 0 0 	0 0 0 0.943803 	0.445874 0 0 0.413369 	
0 0 0 0 	0 0 0 0.970297 	0.360801 0 0 0.316973 	
0 0 0 0 	0 0 0 0.995119 	0.275268 0 0 0.218582 	
0 0 0 0 	0 0 0 1.01823 	0.189419 0 0 0.118323 	
0 0 0 0 	0 0 0 1.0396 	0.103398 0 0 0.0163271 	
0 0 0 0 	0 0 0 1.05904 	0.0176079 0 0 0 	
0 0 0 0 	0 0 0 1.07634 	0 0 0 0 	
0 0 0 0 	0 0 0 1.09128 	0 0 0 0 	
0 0 0 0 	0 0 0 1.10368 	0 0 0 0 	
0 0 0 0 	0 0 0 1.11338 	0 0 0 0 	
0 0 0 0 	0 0 0 1.12027 	0 0 0 0 	
0 0 0 0 	0 0 0 1.1243 	0 0 0 0 	
0 0 0 0 	0 0 0 1.12549 	0 0 0 0 	
0 0 0 0 	0 0 0 1.12401 	0 0 0 0 	
0 0 0 0 	0 0 0 1.12023 	0 0 0 0 	
0 0 0 0 	0 0 0 1.1147 	0 0 0 0 	
0 0 0 0 	0 0 0 1.10813 	0 0 0 0 	
0 0 0 0 	0 0 0 1.10109 	0 0 0 0 	
0 0 0 0 	0 0 0 1.09392 	0 0 0 0 	
0 0 0 0 	0 0 0 1.0867 	0 0 0 0 	
0 0 0 0 	0 0 0 1.07935 	0 0 0 0 	
0 0 0 0 	0 0 0 1.0717 	0 0 0 0 	
0 0 0 0 	0 0 0 1.06357 	0 0 0 0 	
0 0 0 0 	0 0 0 1.05475 	0 0 0 0 	
0 0 0 0 	0 0 0 1.04497 	0 0 0 0 	
0 0 0 0 	0 0 0 1.03394 	0 0 0 0 	
0 0 0 0 	0 0 0 1.02139 	0 0 0 0 	
0 0 0 0 	0 0 0 1.00725 	0 0 0 0 	
0 0 0 0 	0 0 0 0.99154 	0 0 0 0 	
0 0 0 0 	0 0 0 0.9743 	0 0 0.114727 0 	
0 0 0 0 	0 0 0 0.955561 	0 0 0.264875 0 	
0 0 0 0 	0 0 0 0.935356 	0 0 0.414986 0 	
0 0 0 0 	0 0 0 0.913722 	0 0 0.56467 0 	
0 0 0 0 	0 0 0 0.890699 	0 0 0.713537 0 	
0 0 0 0 	0 0 0 0.866327 	0 0 0.861194 0 	
0 0 0 0 	0 0 0 0.84065 	0 0 1.00725 0 	
0 0 0 0 	0 0 0 0.813712 	0 0 1.15131 0 	
0 0 0 0 	0 0 0 0.785561 	0 0 1.293 0 	
0 0 0 0 	0 0 0 0.756244 	0 0 1.43192 0 	
0 0 0 0 	0 0 0 0.725812 	0 0 1.56769 0 	
0 0 0 0 	0 0 0 0.694317 	0 0 1.69994 0 	
0 0 0 0 	0 0 0 0.661812 	0 0 1.8283 0 	
0 0 0 0.0192557 	0 0 0 0.628352 	0 0 1.9524 0 	
0 0 0 0.0384125 	0 0 0 0.593961 	0 0 2.07189 0 	
0 0 0 0.055059 	0 0 0 0.558665 	0 0 2.18641 0 	
0 0 0 0.0690742 	0 0 0 0.522495 	0 0 2.29564 0 	
0 0 0 0.0803432 	0 0 0 0.485488 	0 0 2.39923 0 	
0 0 0 0.0887572 	0 0 0 0.447687 	0 0 2.49687 0 	
0 0 0 0.0942149 	0 0 0 0.409137 	0 0.00119421 2.58824 0 	
0 0 0 0.096624 	0 0 0 0.369891 	0 0.0757092 2.67305 0 	
0 0 0 0.0959066 	0 0 0 0.33 	0 0.150151 2.75102 0 	
0 0 0 0.0920113 	0 0 0 0.28951 	0 0.224185 2.8219 0 	
0 0 0 0.0849427 	0 0 0 0.248452 	0 0.297377 2.88546 0 	
0 0 0 0.0748276 	0 0 0 0.206819 	0 0.369162 2.94158 0 	
0 0 0 0.0620352 	0 0 0 0.164545 	0 0.438821 2.99031 0 	
0 0 0 0.0472903 	0 0 0 0.121521 	0 0.50556 3.03194 0 	
0 0 0 0.0315495 	0 0 0 0.0776828 	0 0.568707 3.06704 0 	
0 0 0 0.0156291 	0 0 0 0.0331006 	0 0.627865 3.09623 0 	
0 0 0 3.39192e-05 	0 0 0 0 	0 0.682873 3.11999 0 	
0 0 0 0 	0 0 0 0 	0 0.733702 3.13867 0 	
0 0 0 0 	0 0 0 0 	0 0.780381 3.15256 0 	
0 0 0 0 	0 0 0 0 	0 0.82296 3.16182 0 	
0 0 0 0 	0 0 0 0 	0 0.861501 3.16657 0 	
0 0 0 0 	0 0 0 0 	0 0.896073 3.16689 0 	
0 0 0 0 	0 0 0 0 	0 0.926746 3.16284 0 	
0 0 0 0 	0 0 0 0 	0 0.953596 3.15443 0 	
0 0 0 0 	0 0 0 0 	0 0.976706 3.14171 0 	
0 0 0 0 	0 0 0 0 	0 0.996161 3.12469 0 	
0 0 0 0 	0 0 0 0 	0 1.01205 3.10337 0 	
0 0 0 0 	0 0 0 0 	0 1.02448 3.07778 0 	
0 0 0 0 	0 0 0 0 	0 1.03354 3.04792 0 	
0 0.00102194 0 0 	0 0 0 0 	0 1.03936 3.01381 0 	
0 0.064126 0 0 	0 0 0 0 	0 1.04203 2.97546 0 	
0 0.128174 0 0 	0 0 0 0 	0 1.04169 2.9329 0 	
0 0.192936 0 0 	0 0 0 0 	0 1.03846 2.88614 0 	
0 0.258181 0 0 	0 0 0 0 	0 1.03247 2.83522 0 	
0 0.323679 0 0 	0 0 0 0 	0 1.02385 2.78017 0 	
0 0.389199 0 0 	0 0 0 0 	0 1.01275 2.72101 0 	
0 0.454508 0 0 	0 0 0 0 	0 0.999312 2.6578 0 	
0 0.519377 0 0 	0 0 0 0 	0 0.983683 2.59058 0 	
0 0.583577 0 0 	0 0 0 0 	0 0.966014 2.51941 0 	
0 0.64688 0 0 	0 0 0 0 	0 0.94646 2.44433 0 	
0 0.709063 0 0 	0 0 0 0 	0 0.925178 2.36542 0 	
0 0.769902 0 0 	0 0 0 0 	0 0.902325 2.28275 0 	
0 0.829294 0 0 	0 0 0 0 	0 0.878007 2.19642 0 	
0 0.887205 0 0 	0 0 0 0 	0 0.852267 2.10658 0 	
0 0.943541 0 0 	0 0 0 0 	0 0.825148 2.01339 0 	
0 0.99821 0 0 	0 0 0 0 	0 0.7967 1.91701 0 	
0 1.05112 0 0 	0 0 0 0 	0 0.766971 1.81761 0 	
0 1.1022 0 0 	0 0 0 0 	0 0.736013 1.71535 0 	
0 1.15135 0 0 	0 0 0 0 	0 0.703881 1.61041 0 	
0 1.1985 0 0 	0 0 0 0 	0 0.670628 1.50297 0 	
0 1.24358 0 0 	0 0 0 0 	0 0.636314 1.39322 0 	
0 1.2865 0 0 	0 0 0 0 	0 0.600996 1.28134 0 	
0 1.32722 0 0 	0 0 0 0 	0 0.564735 1.16752 0 	
0 1.36565 0 0 	0 0 0 0 	0 0.527594 1.05195 0 	
0 1.40174 0 0 	0 0 0 0 	0 0.489635 0.934832 0 	
0 1.43544 0 0 	0 0 0 0 	0 0.450923 0.816361 0 	
0 1.46668 0 0 	0 0 0 0 	0 0.411525 0.696736 0 	
0 1.49543 0 0 	0 0 0 0 	0 0.371506 0.576159 0 	
0 1.52164 0 0 	0 0 0 0 	0 0.330934 0.454833 0 	
0 1.54527 0 0 	0 0 0 0 	0 0.289879 0.332961 0 	
0 1.56629 0 0 	0 0 0 0 	0 0.248409 0.210747 0 	
0 1.58466 0 0 	0 0 0 0 	0 0.206594 0.0883946 0 	
0 1.60036 0 0 	0 0 0 0 	0 0.164505 0 0 	
0 1.61336 0 0 	0 0 0 0 	0 0.12227 0 0 	
0 1.62365 0 0 	0 0 0 0 	0 0.0799875 0 0 	
0 1.63123 0 0 	0 0 0 0 	0 0.0377061 0 0 	
0 1.63607 0 0 	0 0 0 0 	0 0 0 0 	
0 1.63817 0 0 	0 0 0 0 	0 0 0 0 	
0 1.63754 0 0 	0 0 0 0 	0 0 0 0 	
0 1.63418 0 0 	0 0 0 0 	0 0 0 0 	
0 1.62811 0 0 	0 0 0 0 	0 0 0 0 	
0 1.61933 0 0 	0 0 0 0 	0 0 0 0 	
0 1.60787 0 0 	0 0 0 0 	0 0 0 0 	
0 1.59374 0 0 	0 0 0 0 	0 0 0 0 	
0 1.57699 0 0 	0 0 0 0 	0 0 0 0 	
0 1.55763 0 0 	0 0 0 0 	0 0 0 0 	
0 1.53571 0 0 	0 0 0 0 	0 0 0 0 	
0 1.51127 0 0 	0 0 0 0 	0 0 0 0 	
0 1.48434 0 0 	0 0 0 0 	0 0 0 0 	
0 1.45499 0 0 	0 0 0 0 	0 0 0 0 	
0 1.42327 0 0 	0.0333909 0 0 0 	0 0 0 0 	
0 1.38922 0 0 	0.137042 0 0.00156351 0 	0 0 0 0 	
0 1.35292 0 0 	0.242607 0 0.0475515 0 	0 0 0 0 	
0 1.31442 0 0 	0.349847 0 0.0933934 0 	0 0 0 0 	
0 1.27379 0 0 	0.458515 0 0.139013 0 	0 0 0 0 	
0 1.23111 0 0 	0.568362 0 0.184335 0 	0 0 0 0 	
0 1.18645 0 0 	0.679129 0 0.229284 0 	0 0 0 0 	
0 1.13989 0 0 	0.790558 0 0.273785 0 	0 0 0 0.086746 	
0 1.0915 0 0 	0.902383 0 0.317766 0 	0 0 0 0.209955 	
0 1.04137 0 0 	1.01434 0 0.361154 0 	0 0 0 0.333129 	
0 0.989597 0 0 	1.12615 0 0.403877 0 	0 0 0 0.456134 	
0 0.936257 0 0 	1.23755 0 0.445866 0 	0 0 0 0.578837 	
0 0.881445 0 0 	1.34826 0 0.487052 0 	0 0 0 0.701104 	
0 0.825256 0 0 	1.45801 0 0.527366 0 	0 0 0 0.822801 	
0 0.767785 0 0 	1.56652 0 0.566745 0 	0 0 0 0.943793 	
0 0.70913 0 0 	1.67352 0 0.605123 0 	0 0 0 1.06395 	
0 0.64939 0 0 	1.77873 0 0.642439 0 	0 0 0 1.18312 	
0 0.588668 0 0 	1.88189 0 0.678631 0 	0 0 0 1.30119 	
0 0.527067 0 0 	1.98271 0 0.713642 0 	0 0 0 1.41801 	
0 0.464689 0 0 	2.08095 0 0.747415 0 	0 0 0 1.53346 	
0 0.401641 0 0 	2.17632 0 0.779896 0 	0 0 0 1.64739 	
0 0.338028 0 0 	2.26858 0 0.811032 0 	0 0 0 1.75968 	
0 0.273958 0 0 	2.35747 0 0.840775 0 	0 0 0 1.87019 	
0 0.209539 0 0 	2.44274 0 0.869077 0 	0 0 0 1.97879 	
0 0.144877 0 0 	2.52414 0 0.895893 0 	0 0 0 2.08535 	
0 0.080082 0 0 	2.60145 0 0.92118 0 	0 0 0 2.18974 	
0 0.0152613 0 0 	2.67442 0 0.944901 0 	0 0 0 2.29183 	
0 0 0 0 	2.74283 0 0.967016 0 	0 0 0 2.39149 	
0 0 0 0 	2.80657 0 0.987493 0 	0 0 0 2.48861 	
0 0 0 0 	2.86552 0 1.0063 0 	0 0 0 2.58305 	
0 0 0 0 	2.91959 0 1.02341 0 	0 0 0 2.6747 	
0 0 0 0 	2.96871 0 1.03879 0 	0 0 0 2.76344 	
0 0 0 0 	3.0128 0 1.05243 0 	0 0 0 2.84914 	
0 0 0 0 	3.05179 0 1.0643 0 	0 0 0 2.93169 	
0 0 0 0 	3.08563 0 1.07438 0 	0 0 0 3.01098 	
0 0 0 0 	3.11428 0 1.08267 0 	0 0 0 3.08691 	
0 0 0 0 	3.13768 0 1.08915 0 	0 0 0 3.15936 	
0 0 0 0 	3.15582 0 1.09381 0 	0 0 0 3.22822 	
0 0 0 0 	3.16867 0 1.09666 0 	0 0 0 3.29341 	
0 0 0 0 	3.17621 0 1.09768 0 	0 0 0 3.35481 	
0 0 0 0 	3.17845 0 1.09687 0 	0 0 0 3.41234 	
0 0 0 0 	3.17538 0 1.09426 0 	0 0 0 3.46591 	
